<<<<<<< HEAD
133972926091
640518521556
934077163056
838898931997
494242306294
892103636914
484275399083
420854680073
260802569786
427280783282
874480147294
130254306888
272830064360
85407226069
49161266328
166774354802
95076932394
777902501256
693646318858
727276152302
882305333213
121222600413
892989174298
140928205507
258739284572
733538657379
985759180800
306004328504
270185276129
954082286776
410506024768
398565979479
744468014550
693929380216
571722020363
152065645892
981048882700
752855146787
30693389518
753656044832
518642942599
996618003556
110233518988
623645594282
208684422974
983090668382
654462433563
515439702346
428698447973
26162572244
223295088261
102389407234
983792570027
996222230970
858509979872
460655585921
602395732122
989903770602
644170295482
432685072431
876476784301
301064820819
163062029177
689928563258
534063952320
538863751073
18537875484
825832874151
746852852
721831460651
168558631137
257596230474
512317502040
751912298331
936825296252
482678752584
990551896842
126029291741
634332258969
673092024273
993644734739
692734751375
171189063055
501512082905
549064073907
440535476043
477083613665
348085875241
981589427463
418688986038
455124168710
319009387034
166024325056
193973197083
948051600099
206431257986
327093929597
273724308783
629831025825
338989390326
=======
630654934740
248664627272
632390676720
483141338068
118000117303
866323222255
226393755713
930576427499
824719777756
944334483879
309867213973
659257444576
808619100508
993698965541
811999759241
665115600018
400275471641
275912658992
297058564664
797992079781
302496358758
842472710694
463556184481
855740179185
312051997514
930200563011
569822763446
839943230445
511215628426
600762224538
371502544593
433731372266
657047813451
568833397034
338271314812
761936909669
602615635230
72779261337
349007897015
420395944142
91504918714
144303701166
692811620261
962869030117
513309658795
679208206015
559558919359
663310438964
213035010803
34294749627
71646324525
13016180129
325501294123
179838950302
352298566134
67332501887
679131148574
983262709731
247134460242
536726724461
157898470519
266001722379
726885763517
606340428284
82259296901
121236154094
794350706588
765878741588
232979055374
735637523579
155402564157
882961405834
967049875240
458581805266
361116700977
202850702858
195507692580
633077838783
57956312664
439961469131
196357779940
627954043078
331595957085
368918683075
212013173642
993519940047
376288286826
35792120010
978218775077
152129612997
669250547375
943068465321
319449082820
1178714212
763494869387
718310767011
405523194097
119610255186
777441184830
786993590770
>>>>>>> e816b8bfa6c115be7475bf01086364aea632abf4
