736516030835
223689621136
22786966600
149309050343
342571470864
564420827586
361018891158
394677275409
558638392035
878567867133
998802570058
741487198755
301489360252
439530368216
598952225509
828400543330
142979740234
206077576294
834584249521
135228378701
553398797749
561000744652
321488562441
716134526541
227260074401
380574008354
540860015090
895133707551
476716326878
131201163209
325402058037
801839897602
333285274134
503550099992
650467303818
174891099352
461097367252
839419881558
880555467972
640689611790
88582063644
60554281713
529514152477
231971259349
397102743175
689169347031
930304953360
258627971422
612116541500
698169737765
837656808565
882289887613
890420310721
400292212548
333713637103
629308838556
271361235735
907812635293
359765173373
60560545577
847643184726
423145621814
240215133234
39279108434
418816099856
883205773746
167086380425
161747539393
845218339548
698962612287
277437629811
382163240793
932288780859
342852634750
986502615499
428271438810
130574476287
418226352596
328924380556
487634220807
370732195171
321289152704
967992424702
860798254589
169245496006
901449612159
748425428154
48821312856
564730679115
134234319640
705757895971
303546419172
577670125896
750165078223
851060400011
936406310163
98971989551
469774412370
334551558520
644317829947
