59576922079
715949799643
695739187664
409488917702
449190762468
191520461214
411996749682
134231413055
181139728289
366711607255
793111202219
582607202698
426661433507
24817721408
720377736827
315617079098
816469649069
639696768523
956892598126
618555342713
645765563106
60747146630
975217313165
257631893822
247423372749
325785630276
316873602859
441424514569
3497503145
690605608662
631741829626
445602619793
885554528504
430892656271
915537940070
985569927314
407277328331
730546763446
533471331855
842874679709
545410751737
723031515369
592628514384
393020178256
104200076039
119490731692
770897285540
320730594469
712063450213
752126556668
538818220750
574723621975
935872026348
27589204373
347802000386
612016499835
377960949242
801862395526
884759960698
296500834358
207319698782
238883064740
578734789578
251177956915
319453290157
648410917872
63125923074
191840815484
793528145091
854536205711
477088371490
924438964098
765530864550
629078952217
417818588282
945297661004
380420888556
414191747193
938065223401
415663677875
104937548529
922218435633
978981196594
39720693919
821127358400
971509426040
149054584622
59390619861
61256641314
844899308517
648082370228
222254938472
770265618748
689187562281
620019463394
131481729875
305264584705
43658490416
898002848717
89700417150
