53695374653
579979927666
276860465090
436468858314
419790555756
922391555565
671857377031
515372315962
33168876092
176129684313
244685888871
477298115775
743028903764
346140514398
616814992245
420921725617
231374891453
99087519475
620085420635
473630713091
719055629666
252656719933
954851699334
977645165211
571098766540
259159762016
876576821058
600889469436
330531271999
125656744572
205083312151
720907065788
450200347258
360777594229
575524318714
75028009094
461095697131
717775194031
260011977442
868603829653
674645663429
996615525128
191859200096
878685724215
82111028167
167194142205
660749891925
669294973879
583523175021
314606729010
78745783791
680639497246
552947777751
203716829490
377413705227
509353735340
422664551531
22166467593
964040080892
358164843324
134868790090
448405561428
82014744685
471264921734
588664564203
81942652676
228977110428
181810940791
6572696891
40412740639
1499375180
948718672982
519783727773
320243748438
123694909908
803956613341
781708014515
357874595795
162131612754
660599546323
422701530671
151526897179
561481384237
954402431296
146936199374
578536339752
497183534962
165753521494
603320066512
770551420794
646517068905
806764719276
104599998464
377074770213
641166241088
364332320048
769028675941
158667421722
619035656077
782550531652
