449632160528
941858324210
969860346204
251556479992
30629938883
439451520949
307871793574
145512464454
718683764151
395777561350
10436149890
206829769264
72689178261
488934911872
797933364001
926990790464
615696981145
505294066394
81209976083
706346818790
81374029747
541929264280
473650096852
858622681598
459954251884
587538210303
401856951276
190987315386
561112289243
662933556426
401635359061
294100354410
710994548846
841843118385
449821848127
231035170773
817872336075
85415004569
168240304072
150461706271
486048245020
112039692817
880125515484
118180166012
812207056783
887880582392
777537828312
59644693934
913047166390
368815345641
166318848546
330810965943
533538672307
266550657204
696530553941
589161567798
177779877929
619863110062
312623004980
597674885259
219806704967
258802855123
140990535359
428791570505
473382089270
334814833336
689574599528
766990516987
304096727443
899926909038
746842302263
126571384332
457242835344
989195683901
396195738707
455065045093
733541433802
658178445947
513470724357
981529151689
392382080111
616491744413
998226541279
397415511302
585304634127
172874337922
351423029577
193860916132
31192598967
796139445177
521480043724
834359566108
261305068536
628207390651
942244426797
352777925717
545887224485
548877391628
693217289103
147829723544
