42571682039
408631670424
150654391094
553442072078
741942712904
486102320687
149468109220
777438055378
179361193044
703753861280
525130511457
650239530061
903434223952
569561150986
929910363736
285356039368
354553150384
240452058991
55029547466
718197127108
410021632739
446772447188
420944458041
390659509933
268891916669
13072812760
432339372785
770538881172
928090991136
835713904917
877843496305
720933724443
42676379829
174502141762
99480921928
476209673143
32197489402
324701158469
463605411784
918989299212
686633496758
977906201786
66821224187
630979372264
635906695184
897125274544
107608224992
298702700099
352863956889
352314363138
944246796402
815608699904
72638418511
506856632400
359757944085
172023055939
119230318956
527557168870
500743961943
827300547117
952234946538
292514438447
173476788238
763570224933
75138671997
331446851311
251184771023
901286864811
145032627979
475545427346
24642489384
828497308204
418405352320
78498691467
758095186167
980156275354
511679512838
269131631789
881786083213
931518838102
686392454432
540731874527
311874055749
834867090839
4941696662
387286615191
588106579816
551374898231
373601209758
497296716682
27231926236
499415466557
627219063256
295517763764
395177919421
464240335253
549292397211
270318605329
476235769947
271847446882
