483259723214
430247621625
408103560037
912672987456
874164731052
563676160217
110229186936
540908338269
360349726861
365613251560
143862340733
961244307614
188253158122
434682512105
446700469668
695385339099
29524528536
471510194650
151909946700
48759671996
551160931824
303007286672
904405030884
372029465479
440450400804
574413051941
971662693988
420615128985
475950974188
263550938495
618324794992
810427895205
960630053067
407630966041
102949083878
996944270001
995012571046
590265790366
257237367455
873902768719
899788912189
33056831867
789403394476
775780870954
498249315294
400513966506
331815511932
572518433291
55028796760
9509164906
646654061661
404537043942
639866079906
154348571716
916782389971
349372452064
609743062001
351974044344
278219996689
693428669050
790466123616
13505004252
802111989428
885071141401
937478794463
643792726555
399856541518
493286489703
985466042729
667665867101
610953153740
524361028143
282212101448
257554888732
815942699420
113771702191
639394578235
703607356227
262319581352
121421786419
530871662989
486737356181
257067295237
267301744409
683975243410
968432992803
534346550677
183886433321
370814423663
194173693730
329630656154
417699584070
16526795130
387373245955
317754054547
867412359240
292999241500
749849668461
999982217659
853486523903
