805196956664
464936485756
880313363520
261494750095
36795811512
671404623986
129667078650
838441723758
903754872375
249634014474
409322944117
772892980673
521954251296
451198185825
461119385110
255951016081
891897199636
86182118880
927019877221
173581714932
413333199769
354685628678
277364747299
792240451210
506752358499
801948844613
879428212421
85988894330
990154385929
406999062767
475856855297
907361421909
140184589130
37537094687
511618744610
383831815215
601278404904
295054719410
971119908811
755690424971
196294193110
58193972918
852056880895
343699123794
503053855939
837889805403
202997360871
521248382021
175847830415
172192262948
636405086791
953062978042
156157601686
88679199083
291755026072
211554859941
400896755368
134487782179
47901143666
718806543829
884741886009
972250539521
498134436423
165444057449
975503284439
463708134859
933303339957
556811814561
322821215096
267749157435
216530902733
97438480564
802699675811
886831574576
125914818926
603429225055
872989728081
145705989411
324014231548
264091471365
752922620944
32010596124
90585463826
117547374669
746714025957
335065746351
304582730287
538284209273
27383171808
382810436447
930830532372
230469960896
244520845285
364370800185
210414934662
219564425843
904356898112
578924716806
585831558564
198788864860
