365971575010
691991747373
223943244022
606681257827
235258226456
973193267961
737280703891
78549396028
871023933274
892436252520
561765518435
223625014234
821206499256
960436210907
68115453574
639716218104
486724757639
169169102820
49412600640
663832580940
934630516704
168597766437
474556612627
685759365605
117488019760
365115550540
132713466926
246450965465
750544394324
594907070887
683523514469
316269388926
55638233898
260393212050
325755426695
75831931497
299788579154
980750641510
986685790589
317382098701
499854376412
315020674496
644964609042
182280343176
361087769120
656195808572
583112158015
698376278017
244671430605
726749891848
96254395294
79551393860
935572098305
678384283375
905163506560
566576461148
138499132100
344029656655
439949955734
239908762018
536945532476
155838693639
788642087382
991661455530
382233749258
577055488581
868545676545
238349180323
24719983407
592805974138
354415701663
759002485429
516298245430
182891375015
989767202867
786973954565
130983023322
691913901242
794015928386
229268921980
436577015906
956536170993
488860164738
578282124050
644921650629
881218160252
755870035687
659630906004
104826900512
716304733891
502251403554
140402686142
315478552973
459921285067
146628291515
409126596251
873560323737
56076452723
999716546756
822380048522
