183530134656
266296513912
905324320908
929847652787
424294628275
310379628047
476836221824
873928555244
932237893165
327490825920
105809879936
267769116294
768848390931
59817646589
865124566649
735673185831
611250840018
844224784326
871077666950
27278920960
6691574801
874772173927
634196825991
229043857532
340411787010
278067715388
351488178447
149463740956
131907659385
190426740940
132759664374
228839832137
41582792129
164308292040
675516719269
449852491365
308011722990
57228610733
710009875086
136672015056
757853260435
249607312126
818638951077
381820829392
957544105601
492059539779
183862698925
301194802479
638419879273
306514701705
820286778623
761834068565
678088180956
152680592195
790531438466
383013480502
444904054016
785403921859
649816940928
521197264089
31805611487
349975996982
618355214802
415903831006
645776981311
810308102335
542239550275
645522493060
897093107809
68109560687
211509460364
378852121625
423885767616
148323125557
373804682180
44900721686
769051049261
33875534567
137246715495
370546755430
862305112201
28190411439
496049198652
550981468825
994131945905
909750436745
577026537951
29666775269
480415730336
143644509681
777022958942
114965594828
882752016308
127063381420
953159966193
680097498436
540131179366
760082829233
235603380401
237476547396
