13220276128628612582
5727485699789785792
7189431831007297
751133847742956811
4430914259462300177
105449836377296722
5108295092616008255
7151595533624494938
4536615050595090357
4425138155829823777
1460161479513642797
2098280697916607209
8530040797809329338
6414186599196412458
7506456223297869314
554107690469644720
4161706144026321496
3909091869263784244
420498550635046798
3687084211917815512
4922433121845886310
1890875666207036470
7976811956928268118
4380954973060827898
3622454283425683257
7687107148278578510
3135276433929709306
2668566372859600240
4168465667846841824
9109697791361880314
4704309953379675338
7243948510539170759
5613811458591857595
4711499389505649931
7995082356134643922
821353681199381964
4816949223735463005
3880005411895876369
7972949212676393255
130192241770744850
8305143565578216498
209738655335260244
2228472937539868411
7611812326532770029
6623925256679156350
511557123982961917
8165920014854931101
1562259363850702039
4420648997541713458
8586418569784945195
5249343573621033903
119710080385340312
1253922196989722209
4002783493694526213
4500665053446168210
4876376478267921819
2466518609413296211
7635941487375877516
7544942851127522059
6634984275112654388
7522267244030465671
3025880769799905237
4655560746649565691
3912706665767547458
7737380157158071520
3427271065929433805
4734060344819445774
3330957344038758717
7307276475677826526
3483637520641063221
3461149583662019919
6389048004401267216
3693376175976323465
5689622519054404683
4777488296226745085
1093929395800704008
6201179645184850248
3720036274226900378
2656188757503922399
1398456603724304250
3083082807157069766
7905532335419923598
1518166684109644563
4337005006294275623
2684943792259674003
6018831737555812773
9213381484562197442
5151462399525486567
4431401190224398130
7534952300982427341
2563074635635881499
2730296395252604345
1337461033927556770
7218635382285447190
6643003061020151803
9074841188938144642
1422534409212621539
2153691366837338121
3182426496122127551
8729810884890448065

