153073307113
826715086154
613181763356
753004412084
968656446961
923454386311
248122307161
235094741157
455126091984
877582506571
2602734631
728158842995
940783766562
612002503710
722544151635
477428609996
189483918381
725374133392
460485325096
14183692508
438899993712
301694278436
1347352758
322856492657
879325825322
945252144354
728198022332
266208545651
391434711795
21487318524
399068882699
947182945611
250968356692
922846572395
608448535687
302016598236
472574762230
775985618915
310926273752
463281992940
477645445638
492304734349
820591884086
691882780229
100896057248
620836057703
922545433186
809279749942
301461751517
392087681666
262978876073
49478017309
13802392930
827255350175
77747305270
98859162226
397500782963
728516079796
168007362039
240422217640
148576716312
994619906021
163305342670
820501135131
459602351598
456260129171
210765182678
610442823764
189864026595
602957099051
414655079565
666961982186
680398146403
102971414233
946159077294
866673727237
843454759117
118274330239
780814274864
425765680352
856463653310
771676132816
20590746266
455045258068
780842095552
799513085089
531082322153
474571347383
447517164353
775097984555
457960854831
349134992897
87498756723
884080381943
384646462450
640597211615
784069768565
911500683819
952073974109
419260909536
