945505141382
92000323644
3383572290
353036054323
141695602601
587025296440
203706193170
585228207066
616242158918
865598486898
637503797117
751106468271
220811992332
937205941919
600182900203
703598848928
69000169046
671363659706
995458687156
457361278980
488649287929
922923561923
986434038186
836965694054
502268994894
839069389919
630459149842
817428936744
368013864321
828394608815
949201761081
355920858938
209223869885
991308014490
169815554117
381799117311
383641408839
904230186038
75285004188
995502967599
79396989829
558760208550
919347710681
373850229462
184314430931
734530049272
939095014737
354193103414
455678063617
238001120277
175300736211
794105109549
772909486119
730657633888
586363156525
881503732052
583055068938
125807792557
15360983099
446425691464
723310210920
712884606898
956607431814
752868729200
527092083279
713872686486
653737748034
509292070736
356318795243
553421054662
928271201742
464389916356
237495753342
293521863936
589507043552
722535338927
155052533270
588013984208
724031314474
791569020781
842898442128
855236412647
175161057746
572387732294
30901281295
173711540178
513587101164
415441821881
790400389873
468386891303
312144858029
319322065577
104894541672
105057247036
492659747315
848131159608
177350101888
106070175001
284638136650
380663535463
