325050497906
959713679555
297798922061
927420870378
375384530812
179409242896
707784954226
734168095715
139003264318
278281857684
17751703894
342407099063
763568468366
222127963585
132558962704
627215770499
391081382839
529026956525
431948114905
762113767570
478246885662
612752023302
225596246541
586472849302
462150772852
610980476298
859902718486
841276024936
810253372688
293035656230
519912644762
970793398498
133101475938
191392724595
243689916373
8809634661
651021917681
736247461492
282727851758
750239966758
754427057438
686574779239
144141511285
772451972212
35062379580
385944314830
511082728884
181265310375
492151905887
390254845677
727881973681
866449656643
239317844084
295527660512
56481958059
909106715352
43351511932
527288378311
877248393717
844788185247
397007326595
465926905091
927354680572
660889490722
926057340909
589036364440
623815982578
870647820344
189006551774
123447118586
678796453245
509312088694
539049379567
464514177313
819607492105
294026242911
845573558303
613984676947
956072334395
883061444224
530395665263
295309099200
314874715974
827028404916
78991339428
334144604470
741571414698
375809721567
613714663692
820538363365
464585770022
378392249591
274154640687
2286268805
73016168688
862022674681
290766956736
801837777357
580566550902
701967784218
