5640193616858787375
4573853211030331816
3510230455088521424
1315699426340899682
4931350299523207151
619632957910371266
376257956214977904
5364751115203728161
302790676882483538
1402859289559299213
4816975887763141358
485673575862199597
4280078659248478539
1699924979153317286
2574713173424555614
6680010388827878963
704941491095454033
882520655373749389
6304162210285462916
340962881273892634
8113926819961682131
525754421923230226
3274238164511704980
2876820716905572551
189345687234968138
697527244364056306
2675961953660932832
831314488245932566
3433972910910391522
8054687642893362216
548888579669764555
5000220833468547022
7541817557869900343
5469002019096677694
8080961572704429131
6634748210696932656
6770560741702317876
6238329092985736034
3827636132892345462
4398455710753435567
4171457781648888191
9023303395125423097
6279183771048780481
4580088317806907530
3162485313915829707
6498470727291859684
8922729918711959309
4965203966498296499
8158061014895410959
2640411140615346433
7020798844815801417
4763794867554140281
7212289940635215219
5389414419022590534
1670529698869116934
5833535861095065770
5660481045891258518
3466035185415501284
6264713065882292914
3206077423042175739
2234155388065643296
3915200236528941076
2756495637384890514
9174688716092361586
867866110617692856
8706835164023106300
2643515130015468196
3233280470389545598
6026009920555054929
2448987072616176129
9187192982333386425
4315155065234884828
4692618116222179150
8340594767160165031
6603941714870535470
1937785488193043070
2804476266826824578
1548238344594164348
5510017890894445913
7252156519637240758
4091282841537198690
5043176928680791826
1759505604673266215
7367231003201090846
7675780253775181397
6258683107797717200
8875368970526249419
4040531153768885342
9131656386828212333
6078574195143349018
5481054041716806824
6126951135220342250
4645973371203600426
4623130173753087039
9174744499351289429
7310503233197860244
164162270781314727
1554081234436636093
2183393485091954231
485811361680642631
