230368934903
412268410633
776833736824
248804779951
118662273986
706158360639
432337180790
206382901013
835135540552
481015573634
47905076866
650742784633
888216735950
484517396405
107606736522
930921319916
313925295646
440028068408
126168525185
364685712175
133335475003
760738065277
743321963187
793312909665
935950871073
250226237555
67451906183
264176538670
548724415964
589519716935
585003046086
860685323546
115618084039
110222566606
292922567862
163260453465
83598142971
9221648830
129032662983
752175233343
967246091157
541611122698
826876720359
117316113100
165861079214
301102336345
956010980561
866401213542
741042175630
46540380582
363718053489
186297461519
551923661754
885558824840
29131420091
197153298836
638146838231
428878216591
356120717391
879760888704
535619667289
122157093210
764808072202
76946617637
700179636027
204969590057
572778982297
336837442437
630362612170
349128112260
474493211683
501849874884
624153559072
940652493352
482084803083
539706409668
247472527647
557261699216
361699011421
320038791046
654410111292
221470454565
362619103005
152481810021
125291594618
379423601914
941138911042
734811239230
233389329659
375964219166
346662321011
391653525925
715832201250
959523964536
405367799180
842166046654
847086388984
682314400975
678508067844
677075006212
