81156709199
712326376376
248897581459
328665819401
142020542516
92697939326
450216341406
989132379196
704557315960
303942765712
841422552939
48023990552
85621375776
241662803135
726679786359
105876405232
994816106237
565946248455
121187326097
838477738753
509814354368
293902103028
415270158718
752311935960
977586045701
612895125585
766235056544
223968450845
311141435849
849004505621
452417628223
206510244140
366205957392
462994179729
588413938498
86909769390
404190700492
412532565961
746952569461
295718218913
774904492656
637513538914
525907898729
970041290618
493553590452
931819187488
572263138907
752191738923
724695120719
248326105871
600336008742
955114263005
144067255118
411425485252
244283723664
9984007487
591293769428
204726059721
266694045821
499978883009
574227180850
824166326159
185012889937
564616142875
863222089099
689694758605
721350534865
298264415265
819702620825
390430205840
609107550926
257418272838
537009214577
114494731701
77648834383
384274084685
875531886014
981161472446
597834222776
373491641943
19643781638
532496271900
149639214685
303136094583
693514651804
167157105986
929065658903
249790850557
786054768594
681741977980
920909362965
997644555767
795758178025
507128843520
1280519504
537954524409
704349886479
887580376677
157151224611
325434693968
