665506140068
396678665879
283316013482
255677210982
779265320026
284512464141
806715410785
172063893557
353170261437
485410896681
373745354322
80211717704
23854078596
792254166124
665437937482
680426930603
133267262406
745846541450
60490161304
837748846573
560387115184
7557994670
474828305443
3802654807
995619022371
734968710594
578567465829
314391977930
471178247486
478245665503
225357373971
774586355136
712996463569
894957225642
180486048955
454726998478
684179642784
918353985215
545677248533
892079604042
9329565330
213964736723
930593140173
762196714485
992754742328
501104682478
348010594201
855551706820
128879587536
979583880210
377142130436
752298427581
761788159509
845207393662
979850703862
547523124624
133827419978
944757774707
209159699510
736851641829
312554140455
240972871902
678192648445
639450291828
504830154408
859002849363
389513766869
586883448878
231328813267
18853552806
830581214800
830783238646
497074852667
32166869562
864541688501
14990195154
891300618118
530551004077
973752957687
628476778244
822518068983
563077477792
521893063052
649778078621
494428627308
328125698318
158105566278
509983493615
416795859505
451489018325
404539442484
386612248781
925335828317
763613128514
652461386767
754672624637
900496667052
617474776655
158918645978
870913962319
