415587613615
715268448398
390308555706
476970890722
664621410156
824726604844
807549791670
997438214970
679385226624
281415717357
227639854738
35260243507
774679816153
257002091058
905165290517
888934517955
553951573474
209220782008
975633732285
638137235438
734443580904
28223281800
695617806782
216061001904
213340440304
607914011216
114170678049
385481800606
843293038810
491094449754
742076092371
180769495919
787370948078
23099894551
297676044395
164475605151
314878946775
902493623888
789764486191
390677753138
182044455575
694563218700
447813188550
924861900763
405965791117
483331421757
688451209328
28632740534
789229678774
829443804196
403514250506
217370157191
730508913060
862217637350
210307228462
429066189077
342538286029
313151525346
492603496522
558240784595
700149867475
855191066012
965481621626
705065569284
52609910526
616536197282
213489907302
231412026864
807504635879
625341926701
805640717629
93138160836
465525173149
675353710071
828051282474
328193827777
646440578854
637694842267
3382821270
164140748660
415321842314
153477683985
799667752935
377453163914
355137116635
216450234725
913134899870
421401525160
41283989216
702655633652
88536454468
247627233866
120265008890
800974914720
890670580443
818636746754
115673301930
968035950974
408689807912
98258920011
