140824853002
653189681656
701960461741
720614401408
249250545508
126539763438
78046990187
358818596816
335745044273
735706629419
351476295102
262977765081
304414459929
831889356921
799539599828
727402258933
555301192128
942406572571
696309864537
25274397324
173807406603
223744408778
214733223809
853830442511
701128379520
456677243805
557684198435
98183864533
74434034074
427647636801
874596655285
682008270668
217099964632
748178136123
446099644858
117715014971
725516820334
854218195456
949974802470
962531232933
381986564791
360425054336
504341124063
660737986399
29673591235
39189642529
660026143613
291169862162
798961240082
308099186360
874843658695
79228084999
964986371242
599076815698
114647081563
814009824222
659038239031
645044655234
439954121298
113560738562
83277009131
558145355116
728625178872
687909790177
780071420771
970570219977
582634514709
788157346618
96360402436
471169239309
213226494988
650404799619
49614167191
236538574671
6005340639
501022196369
926334671558
162077665372
913172745205
164436817168
536640375601
367693047457
694559006779
644805130175
951182547458
708363928689
805784043302
884095052451
708657108595
208735108644
424087345831
783676260383
837998757047
133238034774
72985548470
895341377506
899825959723
38786665693
981362201655
866443097402
