210451069709
347987366316
934885626080
16978288167
291332508228
160704877941
218837067889
168446818596
106315335092
146731184155
59131622924
434101391537
578292398334
519331976717
550233736085
608928664014
114427642062
353246551800
467298841719
334123141481
106455487328
211635327710
482371345742
35296730129
885039593365
691112180469
527388811961
239397008661
270155100302
232981981004
210795138918
797339891234
86256823439
291097466603
517085637009
466114268201
118749729229
221501856592
595918155719
85519867061
505315988983
142435717038
69597483068
392750104663
605416006994
70711513970
306587868327
72946915439
742620109545
199994749915
216968439614
588555339666
63976628663
175012646084
9575035859
948480857050
637127206108
131156870494
584685056526
800752027646
171842978595
663035550791
798649178053
306051796439
626753990746
769115395093
637088412843
742079969504
126376295872
934779553490
853206426276
639259957272
597015164870
831955054555
943629974584
594474594290
280768306629
104254265216
707948611216
364276853665
423086539893
430188643725
396171277317
152103161833
319561861062
437143262637
697314465025
490657808982
136423247344
751730984250
975038524567
980506100056
864022319334
299334130013
762680295021
472776542237
64179068767
372763781095
628881103132
930309490740
