411798625962
14799135922
988527769293
614601162133
720975464324
117543094238
852652244254
242251141092
2082535982
751771010447
78953472643
21370219677
39150598313
842944042822
204929038950
548855915416
261550594783
552213934340
998913588222
83072833365
692037838158
991169807366
479709958908
107677467249
732042832561
490380012826
71292955097
272374829326
676431924608
921720912376
739185266513
985458562760
267971522807
112684831917
987667798891
928766501135
658821768543
400547556709
605475318857
288268609692
383078419938
749171149903
263437571111
393939456035
470116928007
723015475585
941088487521
804752722944
130939832834
130984579588
899691341835
172583871040
583688279437
16210640854
908546532514
134401426220
105566618169
315449464761
153498913419
524521030257
427646800943
754088481341
757554060442
380753356419
988192982996
512050479508
892832467753
88264810842
306290962471
843347331717
279843062456
282400435340
127341069061
25718678089
16374089655
361528846293
9843453086
448407593885
931785299532
111188503629
169484499865
445278050168
561983059278
979043444310
818521225825
419784473641
656214821133
298457954122
732535606869
174878582713
719738552174
550112115977
311585281617
931276672029
866187179367
774414835223
468413328693
848193880913
522781393239
344554553868
