530560459172
778545251272
688876091494
164311593766
316648371178
746262245149
442868539521
562258129128
128531889134
60775538929
510678943144
204895996577
271156798745
545676878435
587645146050
773088902408
29237196095
593813777541
928299072999
388933436837
215043962729
299535228287
331233212550
983939671302
927113743867
609877801692
480191510833
131526990624
897085485611
301340805520
191941787492
893535377046
707326171876
933654080598
640002309349
9149416547
357987244539
282492391666
836372168378
866046731868
551932782518
124181933155
573050642786
795092956673
872170049309
699593067164
610437468844
153697686541
259303571793
86948469901
176345400170
531983625728
108695983129
803740475740
668206508602
600267167773
78547476963
189051183275
954000674710
138144257307
35558066733
491626042852
273319050449
912350483850
997702721377
788728601087
178575153223
114620572518
601611599084
800951768104
328104486295
663809535516
967298305252
565819057100
178858153771
245986745412
527868318190
466440560146
388250150399
779552105612
639234472902
82771929811
519354325355
231413592825
438549531129
614073846336
637400008472
651907470458
410896701747
493982521574
930159545587
72403789070
507915008263
961428954301
995084754894
858932188190
462571842330
466877862846
124335570553
906975319782
