450787458398
951665523403
895135691560
851318983803
847285990851
188573499344
579767175102
866650005026
362896479968
81920069900
40709141785
557932440543
147830060957
250069655914
996274697770
102780397588
574527819389
21819382105
544331979573
732808789207
459592744948
274553855596
96174985202
802140802113
517640192143
243051700589
831608656746
504366312261
246834601854
313270427346
954803728211
923033569154
988652634488
637431867273
984798898749
660719434284
673381710726
416200987353
837751669679
811323474733
641615755482
889540516514
12589611616
699195393619
210434522542
228178031576
459559168631
491200230898
152511749431
380064222478
257699763620
118486199170
258489344634
690662725952
523826671562
233023717001
638778578358
665852870117
123665924779
122932152417
44172135925
570678180688
361167365152
118226911587
215340046369
188075713700
653052021140
504034620876
531279067682
238419152902
937979054025
7611508135
606987418339
473996056844
990936197181
346079146625
704152262100
246203154002
978646719795
176728300464
446197328333
781592367441
488726829766
843700307924
828254893313
998918537471
302296394285
601572800722
443318354957
516480804448
969646428725
538081626375
524061121636
119724455836
116705310391
252639342053
349129768397
121782503606
224667092995
631164678710
