41307314437
185024229002
354560532605
427104555703
905958820655
890185926590
33124689758
389441452509
56350567846
615599112726
697536553305
196063654837
892746913662
601998812448
219432124523
408470145322
128769056363
792077486283
286246184658
828958370822
404216658413
173804543114
597859138616
872783738204
93344913442
739879870186
339442850901
990170411079
244711929718
138720046411
642690278768
86586321769
371433889897
81116637813
834987288613
581073497581
812139874566
781435286478
280153609381
63193316727
473235497174
267722114111
529510042465
585648960120
583348886322
627979696600
759161909521
678236375874
756176163631
449065742199
518213141242
618904834886
119076803853
119099006670
490224067238
290026847465
339942869833
36361345766
573827944314
631965993675
279180484207
234713172838
931419207342
762987317567
10544165831
926913012706
858721096074
220494195748
228283583210
34933168973
605615123598
16660586398
371057970943
71374288397
929849007319
92697633459
235471369497
793138442347
915855350725
817725263577
238322694039
908732562442
543075994390
177358461077
373785737349
22995379486
506735834946
240470045168
632031595972
866259857341
847706811088
808990774011
433101442885
534116731360
704566897862
525056786803
564656382793
920804300697
617303091685
356898912751
