61909527885
612139603396
445748211990
610335636913
380638863848
927893923381
306548633068
239825185219
376736984124
563692520634
667631845216
427378851212
396849217977
948676018128
613769254431
239225362111
262720739369
730887227729
577485018490
288544937819
611499974387
828999973749
908648914037
641669863371
587026832859
245603487359
791571384477
597080856715
545981723312
441916384947
836992441251
464889981709
777383752257
14580706378
236699545875
792762690109
32720585569
667317200879
375816535156
63782326692
8044606271
306506571964
436747776007
414688391581
100201589158
835817871726
778812564966
888975606791
440201632218
535581543567
863798952273
348353602636
535637029632
247967510964
58290919584
755954714717
966081043577
102983710961
233399257571
14307926307
181022598947
65682834742
710474883387
283405059540
232084493998
860606295506
600664669415
860588952449
423346373756
142014708112
591085985114
885252830923
298428759267
61901170778
705370693028
955457003701
961648270032
587984027692
148185142530
329827558450
513691687696
621992807906
109239245052
567592445573
597946373572
769285503831
866075256670
2974880829
114941201107
930220024296
449150431257
100403713008
527599763490
100202026701
972341928350
295097558344
190645200129
863434778831
509794882660
651059674168
