546441447793
97390562505
962004717236
845332660261
609414346166
814359926962
766816856106
972659275528
115866698828
792654833254
13848456746
895312630011
129932475310
659383441524
501432339142
113063680497
486718401472
983035654519
806471834248
623912597136
222955868687
36879625136
220112351796
471620409005
586217079706
200338381382
496524925427
156582988425
129511681037
99624956361
863947251108
100010083792
431012845549
375000639170
427124070798
350095674165
634591211348
171189067267
795709273723
112247052107
65087164162
264080805919
554030979857
226697802568
585021759553
960611861661
98388667260
3612797709
762719173357
409617587439
372943874058
596506940251
318028326332
103513782797
576522916814
395050068963
598822389027
43149475425
75181768841
365151799850
991592687577
563523097152
118495827197
222631733385
999571012926
553557697206
536236375684
261293935730
35766691922
400330013311
815558103152
620580350736
532613145646
555034095644
854250191475
37937538914
488186140047
478994763828
686102221749
626350496924
872035537027
816317153244
78059555686
397676944561
390941737718
53389380992
892200979209
965615442007
600441294233
744395154626
112738300994
219303196766
182953659409
268530330507
846660434845
346402135059
319170234416
25319368740
142144752356
26839730158
