439034340247
377968090939
835957427104
442944882561
196486611257
920323182496
282964717002
163801307261
312411685439
835797539653
743557754186
383982759131
709247321420
512610374048
502865780681
125844557442
728951000774
99861613019
966990203490
216088610867
353349310663
930024789758
214341672035
677269155904
847677312
831088281006
472474297845
758294748109
892505536692
354899833696
380873894763
144722311678
626551880255
790242036931
747625685763
24247400007
493068500627
849301440517
806834296073
422240517570
191878911358
496199562551
33437204445
424913316926
560780498628
304612320040
473716188397
367731227913
605542444358
990447759863
157416838235
335081398057
761018716984
466470748476
475808031237
271563762441
650603422949
513798320167
90132655233
499619016865
318183741642
922795120628
324871652531
547589831227
219465692475
96218198423
219743829854
766664634093
561119801522
362435863835
64514713195
748973267302
498225439291
192675479395
729022708201
630250361819
426567848706
42872245904
167770686955
673672684534
496564177566
804952079165
167584835237
657697599966
659140933370
398861906280
722038030352
888385661920
676077159924
195707341723
623555904677
302528920378
675687974238
74706163529
717041918314
520644444796
176474197335
616735724621
963007602276
732663725830
