829642823496
205326821196
608302047197
100407072570
314118989100
64878392719
414599757411
508607520318
308424837046
868001058560
930232996190
481333237602
652269565036
618119815120
736986431567
873895588066
449663596200
467737973049
540513075007
270281040153
771011918104
693451922560
108713077565
717849747034
928586482899
444003882132
616100489851
185357813894
833204740737
703024477663
66014559173
956162154051
788258828730
52297443426
551654297940
298941050362
548150919304
709574318897
736443795581
136429911227
825520904807
320639892949
867691369617
45291784169
237357188963
599227968190
511907974487
176738628963
413924668596
901866310401
444875425805
363779171284
822037157976
350132935858
807866416286
147185902997
495489388586
511487426427
313744427360
814670136662
995503429083
493025609519
867029497773
779189059690
989280462438
554359500031
188362650900
165401809308
665365912794
147612260634
983947752748
876514073071
735881558976
418241283434
11869289399
789880610505
49749392584
503189283419
934131908781
481897906601
375671693630
193997439116
927872509636
893003564749
775746540585
472588153011
856905276889
878981167678
29912700760
236719873893
677857085784
103740726258
325857750506
881794332007
558672534509
3919107607
305393681562
880071716140
147196646340
394444950900
