161548628900
837893664879
657746081085
2546937500
805869492294
139216251818
443100561412
778533612635
411515740201
585421051987
396847348967
133673306010
300391522877
738670456675
275714606829
195117220966
53305266645
649571860439
544175128630
361494544834
134413194406
93344152916
767861411608
645252809723
36341396563
800446375616
1124258382
877478434364
972401434942
410437451764
728860590720
795758650699
248052724741
893181237920
50513957739
279309091747
867171647286
751650543374
25459208959
242317705887
372521979439
351426972258
845620834983
616369994838
972708040409
230140204408
833354964414
796384373924
622154833221
751134602321
949062361374
1903328673
202320759193
98779766116
927319357
512269645231
551040917382
170417762443
825700160485
312325436518
733481057997
333718707796
653856663359
909324572596
195663843930
40816413705
941917854431
14211651898
780637964048
51337982501
536067341755
920188038764
498538352308
169773217576
213960307146
985480604160
118018791985
315473970064
167877560382
527567851748
72309843882
586522387001
209036385364
108923806879
221706086480
290091897450
210330040518
667948563229
528191668306
956884017890
82400913239
155132403912
576678333028
550555850486
437541047198
379220378694
271329745418
472579903785
179314025237
827515870226
