845242038568
449289689677
861719008101
285027564093
503442152766
14293999524
702256967461
697281472372
437760340173
22428721735
74527729543
884606583691
695949671315
666121447005
208449865521
973258570275
313110869257
116110591327
368030822732
680448823483
598703459819
430449907
143264714580
677939677438
628108663935
975923846864
726074034945
990646050673
73168426955
383993843229
667022754786
781328623793
672062651340
983850999191
765276110944
790276765723
841129779074
653823058286
64324795715
141329283451
603572137624
658839055624
825453969681
467306100159
313299381571
196728505793
920129067606
117721163852
372202869358
967909734001
692644328578
580003636611
301262849684
768680137457
121459449598
602294165326
683757367279
689563862484
954797060934
194457227425
351225925093
755779107713
661913248206
28003434134
908700621914
102820781047
221329690678
309257008908
801018193624
507912914321
149776577441
813539789482
405087668912
559504261493
405326437493
497153815106
957094996706
75669176631
268245989329
652975847236
410949618334
709123068810
63279992156
753918635335
225906170273
628642677625
619940753626
788123410035
144004940902
952151947957
277808233666
224725568736
211003393589
459642486099
920114519132
134550184935
884853351489
436176459403
968018439785
712152035619
