435427680008
231515265084
811424890621
805775295003
289013296004
530420897693
635932986977
524118681931
101057706537
474191379949
747416266985
57674185511
343281490288
870772153362
143650227532
623535463066
100273898213
460993991767
750995547902
640653967420
374679926306
549117704400
583072653293
917819637295
276546940012
518265957694
689911383625
696305092444
162128623729
346481825023
336482378184
363746205743
767674356246
603453300821
335599481247
374226178231
581296207016
216598484337
733816916879
867507063979
179463566560
208520761918
491314323404
906011510088
984714581357
666260945860
252477738231
719152195857
278512970515
153127220962
139707592796
588592518326
75522348799
131791589984
763410554461
394179637804
589382006127
363865883353
117106530833
121462192204
251412404482
342702267207
647226066049
532507378482
463347081
601315939314
638103088154
448322163279
98206064537
163675978295
367003984195
724794231435
856581439935
496750663900
213160526493
901339536821
313407821655
705988093671
843143332608
402510279529
679433633975
759120313515
534894112749
250328386917
779074860248
856352935435
263891979720
887156559036
764746029309
392640850156
52728318151
166059829836
579152207885
820777760955
724302405364
830114011636
857340406949
396409286964
138812710962
38476182800
