303153863092
232215302850
348458371880
932363036050
625198030036
749230350189
275198056169
733516938743
716807684444
989629249579
356138496644
353457423848
194972126448
903822329172
984425725481
34445946146
748987055877
203490728153
503326600979
306940865394
667832375313
797889164746
552164206780
664045440687
138650801439
317244910442
719590257168
446913884268
694149478067
839028627823
506834677576
495189231197
812542681482
958353314577
184808306832
3185887731
89664802392
319805380891
633547801282
716089032330
464178384725
192356971354
843338093050
940934907860
596211206317
674329572601
471564758242
679072398349
301476536229
772891768469
948759236131
959973728180
776446392169
528577864100
258547075737
115662240089
977303003789
541829890548
679625752281
923600771158
127672923894
24002232394
345503168212
142417419575
307824706138
48271547018
694790259874
892893615814
379344752371
482670541298
691352970108
503047591371
839959089769
877016909811
380736059531
661593840816
344957127684
899635274081
174978285596
478545810225
661274764003
291270398409
998096739727
563979071024
967430196765
73619620234
701044833844
496156880599
997285840012
510273377228
591895657355
816036554560
801582609165
257548352645
567779432388
978317846569
133847882573
563376448858
320286875466
785540234422
