630654934740
248664627272
632390676720
483141338068
118000117303
866323222255
226393755713
930576427499
824719777756
944334483879
309867213973
659257444576
808619100508
993698965541
811999759241
665115600018
400275471641
275912658992
297058564664
797992079781
302496358758
842472710694
463556184481
855740179185
312051997514
930200563011
569822763446
839943230445
511215628426
600762224538
371502544593
433731372266
657047813451
568833397034
338271314812
761936909669
602615635230
72779261337
349007897015
420395944142
91504918714
144303701166
692811620261
962869030117
513309658795
679208206015
559558919359
663310438964
213035010803
34294749627
71646324525
13016180129
325501294123
179838950302
352298566134
67332501887
679131148574
983262709731
247134460242
536726724461
157898470519
266001722379
726885763517
606340428284
82259296901
121236154094
794350706588
765878741588
232979055374
735637523579
155402564157
882961405834
967049875240
458581805266
361116700977
202850702858
195507692580
633077838783
57956312664
439961469131
196357779940
627954043078
331595957085
368918683075
212013173642
993519940047
376288286826
35792120010
978218775077
152129612997
669250547375
943068465321
319449082820
1178714212
763494869387
718310767011
405523194097
119610255186
777441184830
786993590770
