885903875510
775013169925
551559023340
477158054075
687917745888
663951087700
975843455788
377670522660
13509506593
220341628245
75779003723
412486354230
439227333904
267099468951
724229962519
617519889509
978623101607
664793559900
513076275677
334722414824
464244040707
972229557347
901066948277
962916338225
462479741644
712656963218
791287296478
897527504709
12959717662
474796643874
901048923439
707432960129
605136891996
853529801706
103497008992
258122887251
624781714059
202611466484
544028879360
353166781114
536505623760
16880416148
571336831595
937029962067
997296548073
872474845586
691403956729
138432218676
420483229204
839800986478
504486089381
853911090608
737757714509
635891178530
967182468462
327326164961
155746540817
149227565784
474806992785
73547133267
542575852218
628628685761
632403729908
362891444087
764388756237
709031103566
416538488441
490911081773
22340083475
269717751573
935116039878
408770453875
567552881557
206985452344
313411595812
739649748635
5550112150
534830406117
902332849681
646266430363
326870569113
890971807403
987386495528
155662968966
55430837092
610569133212
308138660098
846782171066
63561327599
993398695132
105125282985
174988368488
37874190930
451776779810
849114895484
714163479736
614773889821
28606927468
105061618901
943178794711
