488012299404
349878387647
984225079286
157255899377
460720814258
516614189888
480839346497
139171490098
720046636219
371438229140
175612585774
304395112943
944864253915
843770202992
232764836447
986842400558
45926991833
529833485756
398337076799
372338688549
927975868551
246119263333
195384701552
614019665408
48353318872
34558317643
21964145611
263373717280
560217281261
748180477399
762270294081
169770383665
303443471431
851536691809
847047996974
612451426558
82943493194
607928478801
977822072018
661392134426
349264879442
345096585011
742677976981
280427872404
666073259756
467565815885
431638000748
951779302567
500625900061
454610695499
995969626292
367382972442
854738280893
213603094716
815844019158
217515328159
999810929215
239237547072
15381448745
560159904081
53753074630
580090264172
907057478169
576664892371
458892917168
105154665706
985914451703
37017292161
351475634385
318274222379
418441308515
415401071522
757019415876
273670533596
562648867632
412111764506
495319127927
472832007614
18108399611
944442905521
847192221072
582611315716
45969883611
219252242899
482600231585
560941984452
446963166148
72393319435
68582455112
639892999384
610153284022
824889124746
49241641746
6602563439
310224054170
756260912673
350676063368
889422722663
816647390927
69535050943
