1090499120411266206
6962742214002775959
7647762786755398371
6550269045850277019
2953352137200788737
4531228826555022373
8468919435950616603
8938840718648704907
8086596852997303840
5181733978271774949
546536305242700
3373946015595074646
2938607519995620197
3211715977665070451
3574465379747939615
3861681693366503552
3588262506926707762
647920311268696442
4411802592949377813
2959680884719372596
7954342200588177073
2380369390784423281
4265470474711329184
7981967317551242186
6757677355188018325
1360461678907099347
2090671754446110390
6101705870747080410
1537251512034520019
1582976022799742830
1661459867242549080
553309359381856943
7045709586680750085
7262375633144070816
8399419025622043199
375922838218226480
8489594192283062574
5106906747889719229
4852130305875969437
6660387923140956814
7805831289701910583
9144659515702472981
3531885255400487050
5702410277440008456
6113043159004668989
957481626657658191
3506671979551221861
3800853363561699104
2712020656690068520
3563149674300031877
2838541443007145365
9018456836960264024
6695364745815875415
5636456235017499025
8767493578728876700
4710558636898797352
1870949688644444033
8023083834574289345
1431467430633979948
1248599676772645993
2564136338544497473
6095641579031091200
3716872283027368375
7399817847472915473
2512979867736492257
8316960589469740103
5678668003878880845
7456284911326553401
3790664898568176308
5474783723382082201
6942841232940440297
1461367233016029221
5593816439172598270
4993253826627555958
4763201105895064752
5346422429032902293
8447934800388055191
4174773723533022104
2891814876947232181
146955953718276143
4090815021216816960
1532944016425102604
7352589893760985110
3696771694638451506
3635226004681124111
5254669195916662811
910153706739345293
945114083349413475
6977115459668234791
4305881981011229622
2956849374374911928
620909931998342857
2647624344398573792
5122847193058773663
7146903191830010378
1720861927027270956
4510347653110290244
2560457162285489880
3019662838644221054
4559448265490885157

