752886603
266510202810
684614360325
534693411623
124720512182
240917444200
896473050187
105732848746
788955438539
941523695636
261730736278
613750436736
10777601634
531718020592
526115254643
22494817651
420190635217
289182118269
670969108313
730221315296
155392909351
434726612916
218270846852
286220971536
926592623822
840932789987
941200714694
269370389101
253293773167
591066483101
401269817457
227389196989
215146398730
938288512451
170098390130
634145866903
634001122253
181347109669
663071480326
150867201802
424133300622
278071206252
872914318169
126418265881
846890140605
910464090654
40356674088
361708095015
92571112356
444335027492
269112393038
41476070546
379276697032
361210359927
118829585406
15727191932
471617403789
22042804953
500650325125
334878490181
26377491815
195221342035
2386063319
944464138372
372954398133
264280514830
745022165724
134816464714
606255222568
779783027589
54145813500
73935049100
292999566217
717642647567
320356331639
544410340511
312824666366
751398403878
917709762439
478016742551
887434463100
911369222610
935016056593
557063927987
512959862231
772612490798
311118947307
155676097483
255428501783
107900396663
365165070246
160584286673
128192909207
151045908856
703839280465
599506534899
563544915829
996327309427
248627003871
532405665269
