771400260665
821327253594
672807954252
644229929918
262474957765
59694677649
722246440373
306059144234
416360017859
880521508276
231639462804
687600154740
197155490007
26809979190
781658807720
904342267413
768159730392
855556225690
366183545758
153848907623
408266367001
755600479286
942967415884
514852694909
961830027134
985194972800
822217469498
694446733155
210666105415
729918342136
52172030391
672026233969
770607229351
643829828558
76561597385
953622511770
652506926394
153247271463
369504435350
777386089090
64982136683
751825737467
412182778900
925087576899
89488692808
521071544924
144750103123
235353548965
137657377552
236568218149
467379527539
261950517183
378127616433
221054588976
746842429660
70854907926
498116649430
41660922228
230534232881
443453134412
777591770898
891693226807
985408976977
797042916908
124788033196
995402878165
841395943003
48189985616
902513830371
53715776585
369857445101
378686746419
155175461578
403227102668
2656127942
339707391456
629691868978
258025805734
366459646705
606338682914
49521946608
717875300967
204784881766
815954850368
791307606784
217370930321
125599763300
551374907021
35882273109
14348315803
761795274697
767280969489
110847672659
845989917551
160873141710
426573144125
60567678576
15201002231
194070613714
819132034055
