690426325047
987186421591
898647579813
264583072185
186849698372
764778899582
712279960314
752695904679
759312653205
868244845286
160919238047
547023574350
832069772294
207711201336
601307600934
431070056860
815179553613
594932142641
994261297704
406990839454
945419645827
16321297656
437985115272
6122238000
435285124006
770094670242
1556697461
572944797725
544330951109
490923048498
759545986292
843337762446
178736345259
362914740485
316074467830
504814683975
568729492292
168239695004
872215150093
353328598234
784733300734
886031468730
806831561159
514779235630
123926001849
933149868418
97335739255
526761489771
537775219676
548804568836
645681522560
707331283722
63255895402
284660002428
855540725973
372227578092
895245924773
699932850223
401107238760
809524581432
100131968106
861922715164
309103818835
919537424467
616828869871
509412521999
348820799295
829045954853
859206154979
109499949982
861837270398
771694934611
415701829053
158852495240
936644979056
289310236315
439083742714
160549153385
467893111799
198194248951
559644461383
801743908022
507302975403
878966463143
398267891187
716004332012
969180072687
800904618632
766274190232
637622640711
747557524804
762151197568
891781131571
61419684933
436836628690
596901085761
456646304704
53257483449
902495488585
47018013005
