481992693012
486739231537
551898983397
601965140190
852538601682
398026368558
318858122946
421845804325
136027585749
657491245909
491448307843
865799019140
926144668313
680499375556
875773828131
442441584583
93405833359
369559764734
479638157973
561814096122
455719116527
463079417901
889341386591
498653783831
846377866146
66164603278
779146255360
252122204493
168316922173
197561493552
171965004801
33211422708
448758386760
475038332975
772379592575
163704401423
111568580870
726522731179
807936863329
900354996319
723051620387
289970748773
216614565526
538401297506
97040204394
250342210508
935562291492
285032652348
899504010543
945085819309
55562252969
517363715241
547276526245
57474835138
229485677379
632965929959
627629043283
374336637154
91601779163
708874631028
287349598601
866262071148
845644965037
665638113742
947698445935
229439456627
393101742576
623981209273
734708457826
236105972403
281122359769
57530648871
178936864310
654731667429
392286126908
840763264019
29809645877
801582941047
991911952525
269892093228
431254892298
371469181356
785509439249
271201154027
755613056549
818340548350
555191681757
438305746154
454958750454
100958706984
819770153710
269180905335
921560748687
824699655249
65686154990
337075927856
309156520301
359542318234
157226028391
453938917750
