128586932404
535806381293
424138320536
250265695051
251955775756
549166850049
500267115118
227303249260
478681015781
326930865081
957867415672
438824572296
559925073707
175308403143
705363139218
702610117759
554024948016
862061064542
925027414959
233906467262
234356635388
510076692607
236063514861
250573765799
983105862259
243146156965
832449064488
914277012474
651569688940
532013439691
380622187773
55318930419
886385149126
501524656647
837716152503
292069589376
677815907497
629075314515
545240706648
926140424438
355833468377
546674113996
508908725291
780287065821
184866199074
205532707369
441054024070
902347261561
582604948574
968080223569
418723830218
79456286655
136439445460
325376589259
38490938320
741360939605
562041941016
186292228853
243545033440
83159877342
666519293953
592240454215
255106889826
169354304771
216191383610
834120384636
317572702337
21554229164
553130203624
379563002134
743892144101
567698673235
354601526676
909486961374
974986717109
260645818120
132659256312
376441295202
280427090708
330731585972
309651420877
674011703850
851329077487
173757831687
92374647979
666081630850
663565702240
734874109821
971298727557
24968518294
745276476452
826798124101
533359085083
729599977722
905174837907
104416325083
530891060790
551662140471
124151104757
862016464860
