54762477830
127518514744
385845261559
816043389786
758784269802
103526842214
699460536773
200704062910
224085468690
300079744095
805038903988
124132383867
668210365333
206041339834
127469401299
893375922740
194413503464
113203461962
255171425851
219062576272
37264180340
909959947440
410927934091
539233697372
691069579260
697712780673
799367021346
163487813707
942733285657
828061712110
699117218719
853873977341
171350944030
47744052681
644800362926
378250924162
791874476610
219782926942
567172799211
85614517211
570975709549
473381045325
643314044107
565209631292
101221906438
879447255157
581479332695
905209623730
295406620650
565740954422
267143938352
123787928536
804858474680
857190329596
110569569084
353647076493
510116957517
509540927833
83159526300
204658913987
867979158843
775171277805
657115491297
83103452901
979781219346
153626370559
337432722539
576458979122
73388550639
413911349563
456679950415
393166366571
440443204391
369929075297
272191121140
821477800399
216461690943
741814133282
640836624807
96639501582
861238480673
792100464295
720753651340
592514201728
897417293779
783438898806
858460298165
45324243471
728436962236
968232012269
685386259783
243322191958
882692854346
881276192009
265514477939
760927450739
806061426150
966364344292
177493151467
896772146665
