389226090434
108982332053
236875539970
408868921314
20571302832
94439172642
331260993091
681421962940
676373845474
27227929198
613036201887
194262087061
31001020517
243325112081
989421940732
834666005070
33021375036
431870063118
505949323716
575298790505
408320912556
920054850244
306937573381
322891149287
588140200228
602662932231
606135142777
655723963044
354740308391
71539791968
638188882766
476917590621
688605946133
653626833925
728781652660
909153089993
725558875611
129995947400
713553729589
740954344353
945519387871
630177099028
635073899136
526486562787
357996228030
557457346871
973586000668
886047337333
727905685190
239377218004
736599832756
400631024056
342414673482
708008011587
388504367850
121378016251
902087549725
177647745074
351774642239
149063921916
298196997608
7877729609
523360720949
296508815514
553320957210
831030665854
9135598519
51526122685
173707177516
768020122994
595824667557
437925121482
562552695235
534377765056
467462282807
908295663670
448733875780
191261338892
708185973991
97184946755
309101811266
450182845667
410076121704
283301184906
835985389973
57665077195
495670680069
875017834842
525315480439
74952235293
537986748754
109172324116
343623781907
181809698587
656896256866
862258422258
231906859378
939446145046
626739812250
776187671910
