408788657978
513657899080
434395428281
155968008168
624038447823
758401585326
907892594363
18537947067
211577869615
370633467252
25010620830
76733310896
69975706027
51282680856
584448012963
956557399503
762221193490
986774747824
799740063882
62839445351
493047117450
18493463783
999336361023
338003371715
34512159380
201659636815
287603202230
781738838544
265137679986
733589562936
124660249835
934123844523
364808504894
929655167868
665711431046
762992522000
677152682273
641359050755
458720615688
323560176113
330992389316
865194932918
218640181538
907931789765
256855033103
68437323004
653370276123
739872144413
906653773660
648138564493
505623565590
479374467969
956595876991
574095836311
159599438567
355035695923
164399732381
9238847477
891469721920
336540776286
353926693180
956837956834
121932272029
301475601258
463314513129
518665919420
802565833743
70520264543
507440531143
702116764590
656274996414
961801726129
181786704075
520686552273
406326468315
247676117374
181434824367
982036376332
801315580488
125998290325
145246226431
727350150551
597082471360
515277427606
719281796247
571275065243
265640402855
90410302739
439165227194
213552802451
500568997987
493644527699
995226845664
625110834596
566100736131
915271139633
537691137671
46414783066
206267136434
798471478920
