444469546844
863958748660
974241195155
718537752365
235646037908
825077743770
867579176161
908887098047
844824521663
886751295975
939805617022
36587540198
251660775350
471764979376
646434864752
120310866294
420467216766
103871986289
505652488623
75847175748
5325452640
881032858227
13219559524
350691366733
313771683840
593914358928
534212358172
232167680326
792804746709
882529358164
134261697696
330483449910
723912265825
820830837076
405602788965
355493687967
569804472405
90566603989
969177534771
846779211721
667210328642
536665158391
228136092986
314055879173
327580768379
355611049811
816822578938
949136970855
696095151604
277628276798
101587835524
513071781297
839050530406
881681487893
944203509620
217493491161
630521922907
364866481032
87643297735
980710286152
997961336036
824535395099
852667315094
944460937327
387470647161
975170462628
749503094231
33402779085
583303838194
348004873397
809241140721
304271232423
225658418191
38501567943
835700748700
549543812041
581233932724
242797258840
467764532025
448857021866
75582773852
784255234319
441943380296
195209671700
296708640526
876556784168
294371794526
244438422445
253492071369
891244837122
549904152387
993018952278
70311283721
25765797731
649567346982
716401278490
827459644896
755872170282
243462434386
615443597891
