345057858880
319051884976
403378611807
737731757779
968285446586
325086927712
701193223528
93431322100
882245330279
80630488602
262178063084
715330022907
13101041127
881775919761
316074978239
801069007595
410771146032
579754711670
834646201102
316460247718
675573449595
423781966370
938369679799
796160391839
302565401582
658199866642
363967236052
892303238262
533479459533
335552715113
365321365070
783229591510
529505848486
56658119052
822531954322
461966757856
161301330632
712388691302
445900556651
156321407586
428788016959
776203829336
822399664077
458671131231
79990126972
630573341827
275082410526
929257708496
223435474027
31559263343
636776860218
337007586743
481181663509
922418235074
688349174981
197214069384
326570154196
403733833749
270606758494
128546221054
308778991653
303906666487
40275352409
525690858949
576768283699
919804773926
873049163435
870287651411
559487219487
192372510510
803057793337
181532652800
734242772040
782900394278
210112152786
786769343319
950423098278
311479467728
52263260506
546439751164
630226518799
48116105913
654008337596
59992490858
908677460987
831713874960
939035506559
829706675803
584167800830
997265665467
124169950396
102042456115
421759850252
666030247468
346047043890
435641741667
233460316596
848070709334
525215575542
602521617377
