810306447502
178146689262
41741093787
512932095468
396205090093
247986664505
633279530172
433105576280
832615726453
924891961994
727332854000
583646630470
75505965470
348311954784
661444343026
46781416582
898368965655
734769124374
220837711182
272394439471
453915603879
898275933014
802750008438
998903486227
554282409105
320879127483
106965366579
156246527139
434351519220
795030944124
288003662753
845073751625
766521405968
972486595196
74802798702
255650946256
465459875707
194739912309
839916758243
601738655974
423966482692
337882602994
334323381540
621946525727
636572813769
882615529784
789036650111
357059092049
62553779150
443437446567
353564440421
32045888376
894935303188
881780911911
942104275529
846141100318
75148374396
997392404779
966019121973
764691894712
719146511880
43262528671
687408609724
233280603620
372794857122
149363548166
898133304352
841447757937
111528061149
935844336788
885317441043
26044995854
504710999473
308356376406
668263044585
265332465785
669298763547
374911251382
191257246973
382386248689
422244675510
161693097658
101339141121
525944072063
794412011387
428574789516
856577805666
939757810232
670111484200
972589698677
755005821158
973514251316
148209131103
735842762095
915707308427
734701177136
400326183215
289326086332
19429780624
242657985907
