202959424452
523831959485
259027143098
455472358770
916192174368
232687222910
729536515739
754894449815
760109052649
864797481909
275600515272
249831078155
768840396801
556375084908
589247776652
903678967069
982795989280
102602922541
12261412058
88953532847
623139225052
810660313203
302137661964
5468658190
568064036118
85204494726
625669463462
714602752837
129916426830
212606869778
903403978701
158625354387
580984281459
483298446187
504279914559
82362288636
29395558782
376540392778
820958617499
750907475968
69464639260
404078508449
388351913004
220217097726
718118830151
205929044682
92220594368
26286274272
266993486605
984515680494
718811150788
847129533610
764724653466
206615103325
450138465089
616182380918
562552918665
823124900850
108956796430
882207223188
267079319244
132227969306
472429182439
721018990982
515154612969
682094540436
539251330311
802369358055
332666796377
909911297243
378857415303
421533182561
121272166699
450503826215
881113586765
100873499701
873513016677
850588250122
95465261937
411641246928
14405267870
253149835067
494199911312
235430516445
445097930965
811792949560
15504014581
536332057651
166913154061
613902451093
641102593946
110321123660
230667047944
456910809924
444738605266
127226513905
451416140378
959113741784
61603704344
38376930963
