220249873304
25335674772
819116839301
382324684700
994672397982
624491320360
16715598117
273169583519
129678303360
361172465759
393177299312
263842322239
557257116498
73211041711
350193947755
547812479926
478782021190
492606998019
113143273868
152993436405
837190757740
579461722938
503252382738
96786306759
990730849436
430954272225
282142575271
62650012560
232592716221
672324917131
35490610164
291286898916
316044864854
114003181390
237900614013
526126300807
561070568967
90081358384
313358575851
503446665224
747503174465
883534298597
316713443062
951287570400
363703505007
907117829536
602401763443
291585366860
646801930805
349737590845
718201079933
176334951584
322542750704
505493905092
731833054325
13848906695
542996349380
132059525164
736481740218
260479017363
212760340006
118493375974
522797294010
170791853138
245395534007
764912169604
580825181573
689402178535
873457425028
422535132969
862940941034
236698896865
441150044997
991752918827
654305520653
130132666641
471766251110
819592749532
829365912377
78913873306
910872876411
690590998934
974973446784
263499646990
580437047880
403064687138
162883136042
31193097511
779569002918
542733729870
149256498930
224346594133
410667906469
590439372221
53525226201
43733979366
360899503486
907150226910
468455336578
895493163574
