622787754341
126694297467
396429607838
332472168515
491008608934
688165686460
564403827535
249871103654
295403441283
591328289998
105003574281
101556186578
502937534182
515796906197
236011828343
264827369769
210083761154
428027010752
612311844582
251994125965
469501427731
587087651189
709274678773
608443663899
235014497287
839332843296
429216127114
452405763136
622560940801
411181867053
757212607214
831347850450
824396442702
231103141787
903508488704
10549712138
346778072092
278303782101
726045934280
319741727840
297090470250
694764754153
579100431399
740262718887
937514989305
359779543838
915295774493
922270632199
501583826243
797238215936
337147770243
770928636512
521609601644
296198204436
259893949557
557415920793
965691104081
65082368292
343893585248
973666346880
847160118498
723870790683
585871200481
22313635686
769934593188
75782771576
804881854204
389330021047
963776099357
719608080056
416631745717
141460678071
344717321064
214055444884
875661068492
922901648524
264281842351
426892103166
693402259789
452308073430
437495478444
60887670098
594571809691
741737581018
469964779853
40051928406
530073197600
236144083059
463087313288
156581996536
495582599841
629248260380
426343475637
944307604675
282264735603
33246029633
463990228603
350619754836
688736703181
846686134284
